0 0.0746937660036098 0.8479085341411147
1 0.07173165271515247 0.8471130583659388
2 0.07161877205310241 0.8463102836884729
3 0.07150511968674067 0.8454999043758203
4 0.07139066162588877 0.844681786875544
5 0.0712753688052883 0.84385579558662
6 0.07115921195384087 0.84302179282211
7 0.0710421615880698 0.8421796387722043
8 0.0709241880058746 0.8413291914672955
9 0.07080526128057671 0.8404703067411543
10 0.07068535125527131 0.8396028381942121
11 0.07056442753749469 0.8387266371569982
12 0.07044245949422266 0.8378415526537683
13 0.07031941624721369 0.8369474313663647
14 0.07019526666871179 0.8360441175983475
15 0.07006997937752618 0.8351314532394535
16 0.06994352273550528 0.8342092777304217
17 0.06981586484442279 0.8332774280282478
18 0.06968697354329634 0.8323357385719116
19 0.06955681640615956 0.8313840412486521
20 0.06942536074030899 0.8304221653608495
21 0.06929257358504941 0.8294499375935668
22 0.06915842171096276 0.8284671819828513
23 0.06902287161972578 0.8274737198848464
24 0.06888588954450342 0.8264693699458043
25 0.06874744145094763 0.8254539480730908
26 0.06860749303883025 0.8244272674072547
27 0.0684660097443428 0.8233891382952833
28 0.06832295674309555 0.8223393682651184
29 0.06817829895384975 0.8212777620015498
30 0.06803200104302085 0.8202041213236082
31 0.06788402742998897 0.8191182451635527
32 0.06773434229325724 0.818019929547599
33 0.06758290957749787 0.8169089675785023
34 0.06742969300153061 0.8157851494201491
35 0.06727465606727723 0.8146482622842818
36 0.06711776206973871 0.8134980904195249
37 0.06695897410804422 0.8123344151028659
38 0.06679825509762105 0.8111570146337556
39 0.06663556778353993 0.8099656643310031
40 0.06647087475508759 0.8087601365326627
41 0.06630413846162443 0.807540200599077
42 0.06613532122978534 0.8063056229193108
43 0.06596438528208329 0.8050561669211582
44 0.06579129275697901 0.8037915930849645
45 0.06561600573048025 0.802511658961475
46 0.06543848623933754 0.8012161191939682
47 0.06525869630590517 0.7999047255449105
48 0.06507659796473714 0.798577226927399
49 0.064892153290991 0.7972333694416727
50 0.06470532443071378 0.7958728964169564
51 0.06451607363308672 0.7944955484589549
52 0.06432436328470607 0.7931010635032852
53 0.06413015594598112 0.7916891768751817
54 0.06393341438972973 0.7902596213557929
55 0.06373410164205522 0.7888121272554166
56 0.06353218102558937 0.7873464224940346
57 0.0633276162051866 0.785862232689502
58 0.06312037123615721 0.7843592812537903
59 0.06291041061512723 0.7828372894976579
60 0.06269769933361298 0.7812959767441625
61 0.06248220293440097 0.7797350604514395
62 0.06226388757082082 0.7781542563451661
63 0.06204272006900182 0.7765532785611515
64 0.06181866799320079 0.7749318397985302
65 0.06159169971429064 0.7732896514839861
66 0.061361784481494805 0.7716264239475219
67 0.06112889249745437 0.7699418666102328
68 0.06089299499670967 0.7682356881846014
69 0.0606540643276771 0.7665075968878082
70 0.060412074038197636 0.7647573006685655
71 0.0601669989647309 0.7629845074480176
72 0.059918815325261734 0.7611889253752195
73 0.0596675008159835 0.759370263097719
74 0.059413034711813105 0.7575282300478009
75 0.05915539797078843 0.7556625367449001
76 0.05889457334238799 0.753772895114754
77 0.05863054547980616 0.7518590188257896
78 0.058363301056203985 0.7499206236433128
79 0.0580928288849471 0.747957427801989
80 0.057819120043827034 0.7459691523971537
81 0.05754216800324959 0.7439555217954342
82 0.05726196875835745 0.7419162640651716
83 0.05697852096503766 0.7398511114271077
84 0.05669182607974562 0.7377598007257735
85 0.05640188850305683 0.7356420739219945
86 0.05610871572683516 0.733497678606886
87 0.05581231848488316 0.7313263685376772
88 0.05551271090691283 0.7291279041956856
89 0.05520991067564803 0.7269020533666594
90 0.054903939186838835 0.7246485917437124
91 0.05459482171193707 0.7223673035529757
92 0.054282587563145815 0.7200579822020354
93 0.05396727026052137 0.7177204309511676
94 0.053648907700764005 0.7153544636072614
95 0.053327542327295904 0.7129599052402879
96 0.05300322130117764 0.7105365929220107
97 0.05267599667237104 0.7080843764865979
98 0.05234592555080607 0.7056031193126132
99 0.0520130702766605 0.7030926991258091
100 0.05167749858920719 0.7005530088219492
101 0.05133928379352935 0.6979839573087939
102 0.05099850492434808 0.6953854703662112
103 0.05065524690614846 0.6927574915232189
104 0.05030960070872996 0.6900999829505969
105 0.04996166349724714 0.6874129263675246
106 0.049611538775744264 0.6846963239605232
107 0.04925933652312683 0.6819501993127676
108 0.04890517332045049 0.6791745983416544
109 0.048549172468344955 0.6763695902422587
110 0.04819146409333438 0.6735352684341445
111 0.0478321852417537 0.6706717515087256
112 0.047471479959904986 0.6677791841741447
113 0.04710949935904861 0.6648577381944403
114 0.046746401663771926 0.6619076133194735
115 0.04638235224223717 0.658929038201901
116 0.04601752361677221 0.6559222712971834
117 0.04565209545324024 0.6528876017424451
118 0.04528625452759932 0.6498253502096883
119 0.044920194668055746 0.6467358697287074
120 0.0445541166712102 0.6436195464747759
121 0.04418822819060979 0.6404768005159904
122 0.04382274359614443 0.6373080865149793
123 0.04345788380276343 0.6341138943794495
124 0.043093876067048065 0.6308947498559626
125 0.04273095375024817 0.6276512150611246
126 0.04236935604648458 0.6243838889443328
127 0.04200932767493264 0.6210934076760967
128 0.04165111853493858 0.6177804449559353
129 0.04129498332317684 0.614445712233874
130 0.040941181112136474 0.6110899588395299
131 0.04058997488943393 0.6077139720129728
132 0.04024163105767471 0.6043185768315773
133 0.0398964188948424 0.6009046360273352
134 0.0395546099754727 0.5974730496893382
135 0.03921647755317196 0.5940247548464064
136 0.03888229590536357 0.5905607249252302
137 0.03855233964149587 0.5870819690798453
138 0.03822688297630683 0.5835895313886655
139 0.037906198970128015 0.5800844899159424
140 0.03759055873860602 0.5765679556350922
141 0.03728023063462714 0.5730410712119824
142 0.036975479405648284 0.5695050096470987
143 0.036676565330050745 0.5659609727761853
144 0.03638374333654951 0.5624101896299344
145 0.03609726211109242 0.5588539146540673
146 0.03581736319607807 0.5552934257922294
147 0.0355442800870826 0.5517300224349738
148 0.035278237332631815 0.548165023239199
149 0.03501944964285446 0.5445997638234086
150 0.034768121013118866 0.5410355943451839
151 0.03452444386896232 0.5374738769683062
152 0.03428859823878544 0.5339159832280154
153 0.03406075096086979 0.5303632913038304
154 0.033841054931308 0.5268171832103833
155 0.03362964839938216 0.5232790419176089
156 0.033426654316798844 0.5197502484124636
157 0.0332321797469827 0.5162321787151805
158 0.03304631534033191 0.5127262008637083
159 0.03286913488096671 0.5092336718806172
160 0.032700694910035445 0.505755934737227
161 0.03254103443010508 0.5022943153301099
162 0.032390174694537144 0.498850119485312
163 0.032248119085063906 0.4954246300058618
164 0.03211485308001925 0.4920191037779695
165 0.03199034431487019 0.4886347689513006
166 0.03187454273583739 0.48527282220830875
167 0.03176738084650247 0.48193442613719645
168 0.0316687740463943 0.4786207067225156
169 0.0315786210596243 0.47533275096664807
170 0.03149680445073744 0.4720716046545989
171 0.03142319122405633 0.46883827027355895
172 0.03135763350194749 0.46563370509759905
173 0.03129996927664065 0.46245881944670725
174 0.031250023229497756 0.45931447512810897
175 0.031207607610971223 0.4562014840664675
176 0.03117252317392232 0.45312060712822233
177 0.031144560152496576 0.45007255314383676
178 0.03112349927838689 0.4470579781303556
179 0.031109112826055708 0.4440774847151665
180 0.03110116567834157 0.44113162176046283
181 0.031099416403845136 0.438220884186479
182 0.03110361833756924 0.4353457129902424
183 0.031113520656476202 0.43250649545523684
184 0.031128869441919716 0.4297035655461865
185 0.031149408721293605 0.4269372044820155
186 0.031174881481716425 0.42420764147899187
187 0.03120503064911905 0.42151505465512235
188 0.031239600026714175 0.41885957208603647
189 0.03127833518749716 0.4162412730019232
190 0.03132098431612126 0.41366018911441116
191 0.03136729899623145 0.4111163060619363
192 0.03141703494007161 0.4086095649616995
193 0.031469952657926334 0.4061398640561491
194 0.03152581806569038 0.40370706044179877
195 0.03158440302956139 0.4013109718682388
196 0.031645485847531706 0.3989513785952539
197 0.03170885166798944 0.3966280252962529
198 0.03177429284632784 0.39434062299646366
199 0.031841609240996535 0.39208885103478097
200 0.0319106084509106 0.38987235903860035
201 0.031981105996549575 0.38769076890151
202 0.032052925447438985 0.38554367675428447
203 0.03212589849900484 0.38343065492026884
204 0.032199865002026686 0.3813512538468722
205 0.032274672948096196 0.3793050040056248
206 0.03235017841460944 0.37729141775387726
207 0.03242624547289352 0.37530999115199337
208 0.03250274606309153 0.3733602057305674
209 0.032579559839407676 0.37144153020287407
210 0.03265657398925808 0.36955342211845804
211 0.032733683029775654 0.3676953294544349
212 0.03281078858499947 0.36586669214168865
213 0.032887799146926855 0.36406694352376673
214 0.0329646298234452 0.36229551174683794
215 0.03304120207597446 0.3605518210796191
216 0.03311744344946103 0.35883529316266655
217 0.03319328729716224 0.3571453481868817
218 0.033268672502456145 0.3554814060015097
219 0.03334354319970918 0.35384288715228285
220 0.03341784849602671 0.3522292138506893
221 0.03349154219551772 0.3506398108756572
222 0.033564582527509414 0.3490741064092164
223 0.03363693187996307 0.34753153280788623
224 0.033708556539169654 0.34601152731180035
225 0.03377942643663431 0.3445135326936514
226 0.03384951490390775 0.3430369978497495
227 0.03391879843597719 0.3415813783355264
228 0.03398725646369838 0.34014613684793393
229 0.03405487113562881 0.3387307436572218
230 0.03412162710951502 0.33733467699059244
231 0.03418751135358574 0.3359574233702737
232 0.03425251295771971 0.33459847790852343
233 0.03431662295447381 0.33325734456203376
234 0.03437983414989683 0.331933536348239
235 0.03444214096398944 0.3306265755258831
236 0.03450353928062531 0.3293359937422424
237 0.03456402630670473 0.328061332149249
238 0.03462360044027737 0.326802141490759
239 0.0346822611473437 0.3255579821630802
240 0.03474000884702039 0.32432842425080427
241 0.03479684480474117 0.32311304753992887
242 0.03485277103315034 0.3219114415101203
243 0.034907790200338275 0.3207232053079148
244 0.03496190554506725 0.31954794770256295
245 0.035015120798630374 0.3183852870261003
246 0.035067440112994064 0.31723485109918365
247 0.035118867994873584 0.3160962771441172
248 0.03516940924540094 0.3149692116863951
249 0.0352190689050532 0.31385331044605824
250 0.035267852203514936 0.3127482382200016
251 0.035315764514163454 0.3116536687563634
252 0.03536281131287415 0.3105692846220091
253 0.03540899814085748 0.3094947770640666
254 0.035454330571248256 0.3084298458663853
255 0.035498814179186364 0.3073741992017579
256 0.03554245451513416 0.3063275534806284
257 0.035585257081194435 0.30528963319700747
258 0.03562722731020327 0.30426017077221185
259 0.035668370547383005 0.30323890639702084
260 0.03570869203435838 0.3022255878727803
261 0.03574819689534322 0.30121997045193744
262 0.03578689012532495 0.30022181667844205
263 0.03582477658007869 0.29923089622842847
264 0.03586186096785761 0.2982469857515089
265 0.03589814784261508 0.2972698687130293
266 0.0359336415986248 0.29629933523756474
267 0.03596834646637278 0.295335181953896
268 0.036002266509607105 0.2943772118417263
269 0.03603540562343603 0.29342523408030563
270 0.036067767533376316 0.29247906389915385
271 0.03609935579526 0.2915385224310446
272 0.03613017379591358 0.2906034365673482
273 0.03616022475453259 0.28967363881587543
274 0.036189511724678616 0.2887489671612953
275 0.036218037596834105 0.28782926492821453
276 0.036245805101451464 0.28691438064696084
277 0.03627281681244434 0.2860041679221453
278 0.03629907515106724 0.2850984853040024
279 0.036324582390137625 0.28419719616256117
280 0.03634934065855887 0.28330016856463885
281 0.03637335194610327 0.2824072751536717
282 0.03639661810842195 0.28151839303236326
283 0.03641914087224721 0.28063340364815603
284 0.036440921840759616 0.27975219268148166
285 0.036461962499092525 0.2788746499367903
286 0.03648226421994945 0.2780006692362982
287 0.036501828269313676 0.27713014831643806
288 0.036520655812228714 0.2762629887269654
289 0.03653874791863322 0.2753990957326709
290 0.03655610556923292 0.27453837821765104
291 0.03657272966139553 0.2736807485920949
292 0.0365886210150561 0.2728261227015251
293 0.03660378037861925 0.27197441973844017
294 0.036618208434849565 0.2711255621563002
295 0.03663190580673898 0.27027947558580134
296 0.036644873063343596 0.26943608875337505
297 0.036657110725581685 0.2685953334018559
298 0.03666861927198554 0.26775714421325586
299 0.03667939914440123 0.26692145873357387
