0 0.07403615343298392 0.0632533013214789
1 0.017065975156281245 0.0663799952353904
2 0.01208909731258074 0.06866869415062044
3 0.011817471746450328 0.06450681773537266
4 0.009895526990555983 0.06432075157424812
5 0.009443568306750071 0.06279704462930388
6 0.008887005237780408 0.0612798721690741
7 0.0085028934760106 0.05981637173928148
8 0.008213584330396404 0.058420534326668105
9 0.007978570927976944 0.057033803377093344
10 0.007775222824988338 0.055593764867910324
11 0.007591875700800262 0.05406523484139678
12 0.00742191650112527 0.05243869294784399
13 0.007261116116998804 0.05071855119967586
14 0.007106368619681714 0.04891413657889066
15 0.0069552178158099704 0.04703653506618076
16 0.006805822744789439 0.045098919905206945
17 0.006656980954838362 0.0431173414918444
18 0.006508065947732043 0.041110596064488844
19 0.006358911901179899 0.03909922894188885
20 0.00620969716687768 0.0371042184577119
21 0.006060844517562563 0.035145753390765005
22 0.005912936862856643 0.03324225205871334
23 0.00576664561602823 0.0314096304534261
24 0.005622672366810763 0.02966081554811174
25 0.0054817063387515505 0.028005525977961073
26 0.005344399539000898 0.026450340193703736
27 0.005211359139533519 0.024999033000183156
28 0.005083153031312649 0.023653106455991807
29 0.004960320807158107 0.022412395317562152
30 0.004843380455718652 0.02127561014489059
31 0.004732822371315287 0.020240704859585616
32 0.004629087130627834 0.01930501831480428
33 0.004532530207745154 0.01846522055591234
34 0.004443382514607843 0.017717160193842355
35 0.004361717835614269 0.01705573155230696
36 0.004287436149522194 0.016474853787814533
37 0.004220266846910692 0.015967598197204523
38 0.004159790358340443 0.015526443466502272
39 0.004105472749743479 0.015143603254540262
40 0.0040567062765920325 0.014811362286356893
41 0.004012849437296656 0.014522369459617292
42 0.003973261859927286 0.014269857964486493
43 0.003937331494795456 0.014047783440912377
44 0.003904493447262866 0.013850886519398305
45 0.00387424108650015 0.013674694507389755
46 0.0038461307802198173 0.013515479665695081
47 0.0038197818472547125 0.013370190458934561
48 0.0037948732493565986 0.013236369215146936
49 0.00377113830775023 0.013112066126992249
50 0.003748358437247692 0.012995756256310246
51 0.003726356607774263 0.012886263525513541
52 0.003704991002877252 0.012782693680913507
53 0.003684149157514809 0.012684376835811221
54 0.0036637427208355286 0.012590819326255519
55 0.003643702895803521 0.012501664111277651
56 0.003623976546970677 0.012416658708481734
57 0.0036045229316613793 0.01233562958486498
58 0.0035853109909981615 0.012258461955050098
59 0.00356631712987155 0.012185084028264983
60 0.0035475234149337682 0.012115454860581567
61 0.003528916123981162 0.012049555090738729
62 0.003510484586638013 0.01198737995492515
63 0.0034922202637209508 0.011928934082123564
64 0.003474116020209831 0.011874227664392447
65 0.0034561655538882722 0.011823273675258298
66 0.003438362948190684 0.011776085874887446
67 0.0034207023235008124 0.01173267739418906
68 0.003403177566080213 0.011693059733018077
69 0.003385782118010695 0.01165724204176776
70 0.0033685088150856037 0.011625230582363772
71 0.0033513497625664848 0.011597028285344363
72 0.0033342962412188297 0.011572634335532026
73 0.003317338638131875 0.011552043730818376
74 0.0033004663985792904 0.011535246767714825
75 0.0032836679966450166 0.011522228414373396
76 0.00326693092355637 0.011512967537487753
77 0.0032502416936562558 0.011507435954511227
78 0.0032335858687065912 0.011505597287599848
79 0.0032169481017259357 0.011507405601201112
80 0.0032003122017860643 0.011512803811810489
81 0.003183661221066559 0.01152172186661057
82 0.0031669775649238708 0.011534074697897346
83 0.0031502431246991157 0.011549759972647877
84 0.0031334394314076943 0.011568655671340702
85 0.003116547826298278 0.011590617546949171
86 0.0030995496415758502 0.011615476533254744
87 0.0030824263814805443 0.01164303619018648
88 0.0030651598906487284 0.011673070291254015
89 0.003047732493638824 0.011705320672367351
90 0.003030127087196636 0.011739495470278614
91 0.0030123271658741187 0.01177526788043593
92 0.002994316762627916 0.011812275556517954
93 0.0029760802895345668 0.011850120756446533
94 0.002957602270046147 0.011888371312506429
95 0.0029388669631581527 0.011926562467899022
96 0.002919857890863699 0.01196419958139104
97 0.0029005572922062898 0.012000761659317585
98 0.0028809455385939973 0.012035705633967355
99 0.0028610005540972974 0.012068471272852347
100 0.0028406972896509375 0.012098486577161624
101 0.0028200073003164993 0.01212517351120991
102 0.0027988984696699915 0.012147953898107007
103 0.0027773349154451635 0.012166255319441413
104 0.0027552770970616348 0.012179516867233191
105 0.00273268213041795 0.012187194613350327
106 0.0027095043003470213 0.012188766683662481
107 0.002685695748248602 0.01218373785018544
108 0.002661207302979549 0.012171643583076435
109 0.0026359894177800814 0.012152053534104675
110 0.0026099931748321276 0.012124574452358403
111 0.0025831713213757827 0.012088852559358484
112 0.0025554793061284458 0.012044575432172197
113 0.002526876290837941 0.011991473457391068
114 0.002497326117941084 0.01192932092420712
115 0.002466798220452666 0.011857936820277927
116 0.0024352684636273986 0.011777185379622798
117 0.0024027199092327696 0.011686976408673624
118 0.002369143492451601 0.011587265387375324
119 0.002334538598906421 0.011478053310757987
120 0.0022989135258423407 0.011359386207635132
121 0.0022622858082151434 0.011231354252651291
122 0.002224682388613364 0.01109409038142643
123 0.002186139610949087 0.010947768330732341
124 0.0021467030228500042 0.010792600059175492
125 0.0021064269813683 0.010628832558407925
126 0.0020653740709071777 0.01045674413625444
127 0.0020236143600451456 0.010276640333214813
128 0.0019812245429834925 0.01008884971119968
129 0.0019382870284543967 0.009893719815114761
130 0.0018948890503701946 0.009691613641782669
131 0.0018511218767109853 0.00948290694767099
132 0.0018070801836042561 0.009267986683281845
133 0.0017628616395392097 0.00904725076040463
134 0.0017185667118058616 0.008821109247209613
135 0.0016742986675475243 0.008589986958053537
136 0.001630163701111011 0.008354327274417435
137 0.0015862710843821746 0.008114596914391313
138 0.0015427332138369123 0.007871291271625756
139 0.0014996654218660185 0.007624939877753523
140 0.0014571854328122354 0.007376111507807718
141 0.0014154123754823583 0.007125418445242733
142 0.001374465310330426 0.00687351944819997
143 0.0013344612855789523 0.006621121006657238
144 0.0012955129955008584 0.006368976545957187
145 0.0012577261688100244 0.006117883311893386
146 0.001221196858953913 0.005868676763781864
147 0.0011860088355577496 0.005622222404418363
148 0.001152231283483632 0.005379405090481615
149 0.0011199170011465948 0.005141115994817401
150 0.0010891012534453028 0.004908237532464628
151 0.0010598013800317905 0.004681626711180053
152 0.001032017192263787 0.0044620975157790635
153 0.0010057321197499375 0.0042504030700753525
154 9.809149988630865E-4 0.004047218422979086
155 9.575223399271197E-4 0.0038531248575371037
156 9.355008744631446E-4 0.0036685966068845275
157 9.147901734823266E-4 0.0034939907691528193
158 8.953251429833156E-4 0.003329541044008063
159 8.770382400252804E-4 0.0031753556778992905
160 8.598613049484042E-4 0.003031419725447229
161 8.437269633656793E-4 0.0028976014408822045
162 8.28569606127684E-4 0.0027736623393101365
163 8.143259988985489E-4 0.0026592702434713256
164 8.009356005972194E-4 0.0025540144803080827
165 7.883406805700361E-4 0.002457422324441503
166 7.764863199423618E-4 0.0023689758015111332
167 7.653203673002757E-4 0.0022881280512020586
168 7.547933977481578E-4 0.0022143185880044865
169 7.448587022874208E-4 0.002146986964334222
170 7.354723150880802E-4 0.0020855845134371913
171 7.265930718194516E-4 0.0020295840103767455
172 7.181826835483745E-4 0.001978487226022114
173 7.102058074160278E-4 0.0019318304551083176
174 7.02630096246446E-4 0.0018891881742593734
175 6.954262129869661E-4 0.0018501750323601412
176 6.885678010319128E-4 0.001814446399064749
177 6.820314068786226E-4 0.0017816977034941948
178 6.757963563980832E-4 0.0017516627898742857
179 6.698445898030205E-4 0.0017241115045320112
180 6.641604629873082E-4 0.0016988467125582688
181 6.587305243228343E-4 0.0016757009245871608
182 6.535432763912323E-4 0.0016545326956175599
183 6.485889317170726E-4 0.0016352229390239714
184 6.43859170586413E-4 0.0016176712799596895
185 6.393469076955517E-4 0.001601792553218084
186 6.350460728627045E-4 0.0015875135313241759
187 6.30951409498334E-4 0.0015747699493436906
188 6.27058293080547E-4 0.0015635038739258934
189 6.233625705993711E-4 0.0015536614458655537
190 6.19860420868518E-4 0.001545191008446428
191 6.165482347795023E-4 0.0015380416184925967
192 6.134225139945712E-4 0.0015321619238061524
193 6.104797862269128E-4 0.0015274993798226899
194 6.077165351119621E-4 0.0015239997700459513
195 6.051291426958395E-4 0.0015216069891703684
196 6.027138427150911E-4 0.0015202630446756182
197 6.004666830742484E-4 0.0015199082318739364
198 5.983834962052448E-4 0.0015204814386104533
199 5.964598762812431E-4 0.001521920538698412
200 5.94691162529159E-4 0.0015241628373220393
201 5.930724281207963E-4 0.0015271455366558187
202 5.915984743083391E-4 0.001530806195450855
203 5.902638296012686E-4 0.0015350831619780352
204 5.890627538577389E-4 0.0015399159652024802
205 5.879892471891334E-4 0.0015452456541559221
206 5.870370635594235E-4 0.0015510150800060493
207 5.861997289110647E-4 0.001557169119178105
208 5.854705635764802E-4 0.0015636548390159087
209 5.848427086497464E-4 0.001570421609866763
210 5.843091559056279E-4 0.0015774211691754266
211 5.838627807711776E-4 0.0015846076442381247
212 5.834963777852002E-4 0.001591937540783221
213 5.832026979269867E-4 0.0015993697046053294
214 5.829744871617637E-4 0.0016068652631814825
215 5.828045255364013E-4 0.0016143875536364831
216 5.82685666165817E-4 0.0016219020426856048
217 5.826108734762131E-4 0.0016293762433424938
218 5.825732601138982E-4 0.001636779632300903
219 5.825661219848266E-4 0.0016440835710306097
220 5.825829709571129E-4 0.0016512612328079945
221 5.826175648331602E-4 0.0016582875371549135
222 5.826639342763536E-4 0.0016651390925031906
223 5.827164064567382E-4 0.0016717941473416071
224 5.827696252577244E-4 0.0016782325496413728
225 5.82818567959824E-4 0.0016844357139893153
226 5.828585583855685E-4 0.0016903865955798184
227 5.828852765510648E-4 0.0016960696700186954
228 5.828947649235467E-4 0.0017014709177643346
229 5.828834314296332E-4 0.0017065778119640562
230 5.828480493966083E-4 0.0017113793084286432
231 5.827857546386255E-4 0.0017158658365137522
232 5.826940399217731E-4 0.001720029289739317
233 5.825707470572915E-4 0.0017238630150647129
234 5.824140568813029E-4 0.0017273617998481404
235 5.822224773830958E-4 0.001730521855641463
236 5.819948302431208E-4 0.0017333407981067629
237 5.81730236036863E-4 0.001735817622480675
238 5.814280983527252E-4 0.0017379526741545255
239 5.810880870612306E-4 0.0017397476140793477
240 5.807101209600229E-4 0.0017412053788411304
241 5.802943500048623E-4 0.0017423301353817994
242 5.798411373212147E-4 0.0017431272304630739
243 5.793510411748249E-4 0.0017436031350797731
244 5.788247970629687E-4 0.0017437653841298067
245 5.782633000710914E-4 0.001743622511733197
246 5.776675876229882E-4 0.0017431839826647175
247 5.770388227356989E-4 0.0017424601204244997
248 5.763782778745585E-4 0.001741462032515256
249 5.756873194879266E-4 0.0017402015335253086
250 5.749673932862935E-4 0.0017386910666363474
251 5.742200103162596E-4 0.001736943624178699
252 5.734467338665946E-4 0.0017349726678531328
253 5.726491672310937E-4 0.0017327920492208237
254 5.718289423416067E-4 0.0017304159310390346
255 5.70987709273999E-4 0.0017278587099874836
256 5.701271266207285E-4 0.001725134941290634
257 5.692488527150477E-4 0.0017222592656976666
258 5.683545376847724E-4 0.0017192463392337724
259 5.674458163072245E-4 0.0017161107660860612
260 5.665243016318548E-4 0.001712867034935642
261 5.655915793326138E-4 0.0017095294589955063
262 5.646492027491559E-4 0.0017061121199623626
263 5.636986885733027E-4 0.0017026288160414255
264 5.627415131359023E-4 0.0016990930141542455
265 5.617791092482344E-4 0.0016955178063964294
266 5.60812863552262E-4 0.0016919158707689637
267 5.598441143344125E-4 0.001688299436169616
268 5.58874149758826E-4 0.0016846802515962473
269 5.579042064775596E-4 0.0016810695594827296
270 5.569354685772096E-4 0.0016774780730622707
271 5.559690668237113E-4 0.0016739159576289059
272 5.550060781697901E-4 0.0016703928155495634
273 5.540475254920405E-4 0.001666917674862269
274 5.530943775276847E-4 0.0016634989812840187
275 5.521475489839089E-4 0.0016601445934421556
276 5.5120790079546E-4 0.0016568617811356223
277 5.502762405093289E-4 0.001653657226429317
278 5.493533227778919E-4 0.001650537027380802
279 5.484398499445651E-4 0.0016475067042001608
280 5.475364727086524E-4 0.0016445712076439594
281 5.466437908582385E-4 0.0016417349294475488
282 5.45762354062174E-4 0.0016390017146041438
283 5.448926627140169E-4 0.0016363748753039187
284 5.440351688226117E-4 0.0016338572063523894
285 5.431902769453022E-4 0.0016314510018934
286 5.423583451610903E-4 0.0016291580732702067
287 5.415396860820577E-4 0.0016269797678635871
288 5.407345679021662E-4 0.001624916988755702
289 5.39943215483174E-4 0.0016229702150742913
290 5.391658114778407E-4 0.0016211395228811064
291 5.384024974908311E-4 0.0016194246064752853
292 5.376533752778573E-4 0.0016178247999910115
293 5.369185079835839E-4 0.0016163390991759505
294 5.361979214185982E-4 0.0016149661832452653
295 5.354916053756659E-4 0.0016137044367126893
296 5.347995149849284E-4 0.0016125519711083242
297 5.341215721075849E-4 0.00161150664649941
298 5.334576667669208E-4 0.0016105660927376493
299 5.328076586152879E-4 0.0016097277303631255
300 5.321713784349832E-4 0.0016089887911015263
301 5.315486296706135E-4 0.0016083463378977782
302 5.309391899900101E-4 0.0016077972844351456
303 5.303428128703416E-4 0.0016073384140945796
304 5.29759229205597E-4 0.001606966398314999
305 5.291881489312816E-4 0.0016066778143200035
306 5.286292626618205E-4 0.0016064691621820184
307 5.280822433358401E-4 0.0016063368811995524
308 5.275467478643792E-4 0.0016062773655674445
309 5.270224187767023E-4 0.001606286979324734
310 5.265088858585337E-4 0.0016063620705684654
311 5.260057677772452E-4 0.0016064989849255537
312 5.255126736886347E-4 0.0016066940782781497
313 5.250292048200374E-4 0.0016069437287416738
314 5.245549560244578E-4 0.0016072443478968243
315 5.240895173007394E-4 0.0016075923912802807
316 5.236324752748931E-4 0.001607984368141263
317 5.231834146380247E-4 0.0016084168504725436
318 5.227419195364324E-4 0.0016088864813279386
319 5.223075749100197E-4 0.001609389982438702
320 5.218799677752494E-4 0.001609924161143889
321 5.214586884494052E-4 0.0016104859166508017
322 5.210433317132177E-4 0.0016110722456427976
323 5.206334979094166E-4 0.0016116802472532156
324 5.202287939750012E-4 0.0016123071274246588
325 5.198288344056284E-4 0.0016129502026743445
326 5.194332421508118E-4 0.0016136069032860422
327 5.190416494390107E-4 0.0016142747759506782
328 5.186536985321633E-4 0.001614951485877266
329 5.182690424095509E-4 0.0016156348183969144
330 5.178873453812692E-4 0.0016163226800823562
331 5.175082836318725E-4 0.0016170130994061036
332 5.171315456952196E-4 0.001617704226960106
333 5.167568328617046E-4 0.0016183943352600834
334 5.163838595194268E-4 0.0016190818181573692
335 5.1601235343112E-4 0.0016197651898818032
336 5.156420559489099E-4 0.0016204430837376586
337 5.15272722169013E-4 0.0016211142504761113
338 5.14904121028984E-4 0.0016217775563663254
339 5.145360353500004E-4 0.0016224319809872202
340 5.141682618268898E-4 0.0016230766147621563
341 5.13800610968814E-4 0.0016237106562577222
342 5.134329069934505E-4 0.0016243334092680606
343 5.130649876776787E-4 0.0016249442797050837
344 5.126967041678155E-4 0.0016255427723153204
345 5.123279207523511E-4 0.0016261284872426509
346 5.119585146003273E-4 0.0016267011164565945
347 5.115883754682656E-4 0.001627260440064499
348 5.112174053787298E-4 0.001627806322526146
349 5.108455182733245E-4 0.001628338708787832
350 5.104726396431236E-4 0.0016288576203530812
351 5.100987061392099E-4 0.0016293631513063745
352 5.097236651660917E-4 0.0016298554643049631
353 5.093474744605449E-4 0.001630334786554136
354 5.089701016584222E-4 0.0016308014057797582
355 5.08591523851787E-4 0.0016312556662119266
356 5.082117271386742E-4 0.001631697964591955
357 5.078307061675533E-4 0.0016321287462151177
358 5.074484636786623E-4 0.001632548501020208
359 5.070650100439287E-4 0.0016329577597363576
360 5.066803628074558E-4 0.0016333570900971634
361 5.062945462280448E-4 0.0016337470931307699
362 5.059075908254564E-4 0.0016341283995344074
363 5.055195329316765E-4 0.0016345016661409033
364 5.051304142485438E-4 0.0016348675724841767
365 5.047402814129387E-4 0.0016352268174693121
366 5.043491855705449E-4 0.0016355801161534165
367 5.039571819591264E-4 0.0016359281966411932
368 5.035643295022323E-4 0.0016362717971002687
369 5.031706904140203E-4 0.0016366116628986419
370 5.027763298158595E-4 0.0016369485438681181
371 5.023813153652686E-4 0.0016372831916954607
372 5.019857168977131E-4 0.0016376163574427617
373 5.015896060815305E-4 0.0016379487891989193
374 5.011930560864739E-4 0.0016382812298619018
375 5.007961412659255E-4 0.0016386144150526713
376 5.003989368531312E-4 0.0016389490711601878
377 5.000015186714388E-4 0.0016392859135164928
378 4.996039628586869E-4 0.0016396256447010495
379 4.992063456056549E-4 0.0016399689529727622
380 4.988087429086852E-4 0.0016403165108272878
381 4.984112303361753E-4 0.0016406689736782926
382 4.980138828090421E-4 0.0016410269786591189
383 4.976167743947669E-4 0.0016413911435429107
384 4.972199781150402E-4 0.001641762065777635
385 4.968235657665915E-4 0.001642140321632946
386 4.96427607755062E-4 0.0016425264654555379
387 4.960321729416289E-4 0.0016429210290291086
388 4.956373285020322E-4 0.001643324521035395
389 4.952431397977422E-4 0.001643737426612388
390 4.94849670258902E-4 0.0016441602070055377
391 4.944569812787064E-4 0.0016445932993082414
392 4.940651321188931E-4 0.0016450371162871618
393 4.936741798259249E-4 0.001645492046288339
394 4.932841791575109E-4 0.001645958453220021
395 4.928951825191219E-4 0.001646436676607849
396 4.92507239910068E-4 0.0016469270317183528
397 4.92120398878793E-4 0.0016474298097464463
398 4.917347044869387E-4 0.0016479452780629733
399 4.913501992818677E-4 0.0016484736805179709
400 4.90966923277209E-4 0.0016490152377960855
401 4.905849139410215E-4 0.0016495701478194927
402 4.90204206191268E-4 0.0016501385861953238
403 4.898248323981386E-4 0.0016507207067028515
404 4.894468223928846E-4 0.0016513166418176846
405 4.890702034828004E-4 0.001651926503268582
406 4.88695000471971E-4 0.0016525503826240958
407 4.883212356874083E-4 0.0016531883519049103
408 4.879489290102789E-4 0.0016538404642195289
409 4.8757809791182054E-4 0.0016545067544193684
410 4.8720875749362006E-4 0.0016551872397706426
411 4.8684092053195626E-4 0.0016558819206402235
412 4.8647459752583353E-4 0.0016565907811925055
413 4.861097967484361E-4 0.0016573137900946025
414 4.857465243016589E-4 0.0016580509012278277
415 4.853847841734366E-4 0.0016588020544024053
416 4.850245782975856E-4 0.0016595671760738166
417 4.8466590661588334E-4 0.001660346180058183
418 4.84308767142072E-4 0.0016611389682450832
419 4.8395315602758497E-4 0.0016619454313055522
420 4.8359906762872725E-4 0.0016627654493938672
421 4.8324649457501457E-4 0.001663598892841375
422 4.8289542783853695E-4 0.0016644456228407534
423 4.82545856804033E-4 0.0016653054921194823
424 4.8219776933952093E-4 0.0016661783456011188
425 4.818511518672555E-4 0.0016670640210534988
426 4.815059894348451E-4 0.001667962349722286
427 4.811622657862708E-4 0.001668873156949469
428 4.808199634327745E-4 0.0016697962627756622
429 4.804790637232983E-4 0.0016707314825253692
430 4.801395469144025E-4 0.001671678627375087
431 4.7980139223956176E-4 0.0016726375049027184
432 4.794645779775348E-4 0.0016736079196188413
433 4.791290815199045E-4 0.0016745896734787877
434 4.787948794374957E-4 0.0016755825663753077
435 4.78461947545612E-4 0.0016765863966116926
436 4.7813026096806303E-4 0.0016776009613552034
437 4.777997941997336E-4 0.0016786260570704785
438 4.774705211678288E-4 0.001679661479932895
439 4.7714241529145813E-4 0.001680707026222274
440 4.7681544953973867E-4 0.0016817624926962955
441 4.7648959648818466E-4 0.0016828276769445133
442 4.7616482837338936E-4 0.0016839023777223928
443 4.758411171459945E-4 0.0016849863952661053
444 4.755184345218075E-4 0.0016860795315881529
445 4.7519675203114064E-4 0.0016871815907539838
446 4.748760410662652E-4 0.0016882923791399905
447 4.745562729269817E-4 0.0016894117056734967
448 4.742374188643507E-4 0.0016905393820545605
449 4.739194501224518E-4 0.0016916752229605779
450 4.736023379782635E-4 0.001692819046233685
451 4.732860537796728E-4 0.0016939706730517026
452 4.7297056898152516E-4 0.0016951299280828394
453 4.726558551798112E-4 0.0016962966396249352
454 4.723418841439856E-4 0.0016974706397292001
455 4.720286278473961E-4 0.0016986517643098951
456 4.717160584958924E-4 0.001699839853239285
457 4.71404148554612E-4 0.0017010347504295223
458 4.710928707729915E-4 0.0017022363039009922
459 4.7078219820799314E-4 0.0017034443658385308
460 4.704721042456193E-4 0.0017046587926354405
461 4.7016256262078074E-4 0.0017058794449260604
462 4.6985354743543623E-4 0.001707106187607408
463 4.6954503317516864E-4 0.0017083388898505411
464 4.692369947242163E-4 0.0017095774251018863
465 4.6892940737891737E-4 0.0017108216710753482
466 4.6862224685972193E-4 0.0017120715097355705
467 4.6831548932175967E-4 0.0017133268272728102
468 4.680091113640056E-4 0.0017145875140701272
469 4.677030900371213E-4 0.00171585346466312
470 4.673974028500077E-4 0.0017171245776929816
471 4.6709202777510145E-4 0.001718400755853006
472 4.667869432524955E-4 0.0017196819058295175
473 4.664821281929156E-4 0.0017209679382368228
474 4.661775619795854E-4 0.001722258767547853
475 4.6587322446907636E-4 0.0017235543120196334
476 4.6556909599115924E-4 0.0017248544936149296
477 4.6526515734768325E-4 0.0017261592379199848
478 4.6496138981060503E-4 0.0017274684740590234
479 4.646577751191307E-4 0.0017287821346056555
480 4.643542954761111E-4 0.0017301001554916753
481 4.640509335436161E-4 0.001731422475913555
482 4.6374767243786E-4 0.0017327490382371502
483 4.634444957234702E-4 0.0017340797879005342
484 4.6314138740708946E-4 0.001735414673315799
485 4.628383319304824E-4 0.0017367536457693904
486 4.625353141630339E-4 0.0017380966593223172
487 4.6223231939383503E-4 0.0017394436707092863
488 4.619293333232909E-4 0.001740794639238076
489 4.6162634205432527E-4 0.0017421495266885512
490 4.6132333208321577E-4 0.0017435082972121466
491 4.610202902901172E-4 0.001744870917231762
492 4.6071720392926836E-4 0.0017462373553423416
493 4.6041406061899314E-4 0.0017476075822120349
494 4.601108483313963E-4 0.0017489815704848412
495 4.598075553819326E-4 0.0017503592946840265
496 4.59504170418818E-4 0.001751740731117017
497 4.592006824122412E-4 0.001753125857781875
498 4.5889708064357824E-4 0.0017545146542752514
499 4.585933546944295E-4 0.0017559071017020265
