K17	0	0.001626016	0.996097907	0.008035062	0.943000456	0.01799308	0.983486239	0	0.879746835	0.011750881	0	0.617497517	0.444541423	0.468382532	0.221790622	0.999352538	0.986801817	0.302782449	1	0.835408922	0.87252771	0.998348957	0.958190892	0.944162606	0.974697019	0.969832676	0.707120099	0.065035235	0.310677419	0.183560497	0.032804832	0.973708534	0.005336277	0.004739575	0.004507232	0.181144885	0.209137228	0	0.077883558	0.103711157	0.261920326	0.186773042	0.075096432	0	0.112779205	0.144900684	0.228487761	0.045610423	0.162290801	0.290043074	0	0	0.056818182	0.06122449
J19	0.035211268	0	0.997694218	0	0.944368445	0.007612457	0.99266055	0.005665722	0.864556962	0	0.003932363	0.609937594	0.463686358	0.481487847	0.187691373	0.998980297	0.985576368	0.235514447	0.999932346	0.819749071	0.861443833	0.997953252	0.954735745	0.939289767	0.972649853	0.827520664	0.595008408	0.05069593	0.262567684	0.1529623	0.023744809	0.825819041	0	0	0	0.953390286	0.945345563	0.072009198	0.809105428	0.819794319	0.891951717	0.734159143	0.300777483	0.572506078	0.454155963	0.822619119	0.633428443	0.110506508	0	0.057864203	0.648395517	0.046391753	0.090909091	0
J1	0.052816901	0.003252033	0.996984746	0.002191381	0.944140447	0.012456747	0.996330275	0.004249292	0.865822785	0.003525264	0.003932363	0.795022309	0.507078233	0.469585643	0.219804135	0.999330758	0.986733925	0.297508026	0.999968428	0.834874535	0.871402365	0.998389892	0.958282298	0.943862225	0.974656076	0.989790629	0.724444641	0.065631245	0.316861299	0.187134302	0.033522084	0.989524494	0.004370227	0.004840417	0.00349815	0.867585065	0.874178349	0.06325524	0.72931848	0.757156817	0.860587036	0	0.097878496	0.508894644	1	0.438242619	0.658256996	0.244874426	0.165680304	0.042028733	0.649777368	0.097938144	0.056818182	0.06122449
K18	0.207746479	0.002439024	0.996984746	0.004382761	0.943912449	0.013148789	1	0.004249292	0.870886076	0.007050529	0.001572945	0.616296823	0.445989001	0.470416362	0.21900701	0.999320858	0.986815395	0.299113285	0.999950387	0.83561803	0.871541106	0.998389892	0.958501673	0.944095855	0.974778906	1	0.733339234	0.066087017	0.320273727	0.189526399	0.034012835	1	0.00462324	0.004991681	0.003699966	0.352754798	0.37700246	0.016239169	0.184337778	0.2144275	0.409682535	0.412765064	0	0.127223774	0.205198763	0.308111798	0.376157581	0.062887301	0.123044311	0.200657321	0.162444342	0.082474227	0.056818182	0.06122449
G2	0.218309859	0.054471545	1	0.029218408	0.949840401	0	0.820183486	0.004249292	0.970886076	0.165687427	0.303971687	0.283600895	0.528288097	0.528695627	0.112027735	0.867545525	0.886905691	0.374331142	0.764165708	0.196886617	0.887558002	0.86962217	0.950494506	0.945264001	0.941491975	0	0.006482875	0	0	0.001026824	0	0	0.048946545	0.013361569	0.11765893	0.592161428	0.485938739	0.365665546	0.351919525	0.367797206	0.43034206	0.592945623	0.354508197	0.693501538	0.539687378	0.163631181	0.453146118	0.155792718	0.298229568	0.12623559	0.453400891	0.62371134	0.056818182	0.06122449
A10	0.352112676	0.762601626	0.673111032	0.804967129	0	1	0.07706422	0.501416431	0.986075949	0.186839013	0.314589068	0	0.746141565	0.086165657	0.424703292	0.992992759	0.988193601	0.871885033	0.966371242	0.853438662	0.983088995	0.991922169	0.942560465	0.949335825	0.991975106	0.049606889	0.053256925	0.091154507	0.018240311	0.008145752	0.059116648	0.069425901	0.139985279	0.085816568	0.198385469	0.727754864	0.589573378	0.929173411	0.382201161	0.355385378	0.379249862	0.476674365	0.910740116	0.852500418	0.53291244	0.214519323	0.288456725	0.154900296	0.283839427	0.077733237	0.408874559	0.68556701	0.386363636	0.979591837
D23	0.433098592	0.736585366	0.667080525	0.73119065	0.804149567	0.757785467	0.126605505	0.550991501	0.967088608	0.192714454	0.314589068	0.977927988	0.646223168	0.508214096	0.297492219	0.995453906	0.977599071	0.82296285	0.993464583	0.894563197	0.985617167	0.99537435	0.846383064	0.861457847	0.996601703	0.83569968	0.574586247	0.057777934	0.214085573	0.028424084	0.342393356	0.879018178	0.087266538	0.048555438	0.257450387	0.340042913	0.27248415	0.278918955	0.097189267	0.105788728	0.194705673	0.313247953	0.507292671	0.226822385	0.317760265	0.046034866	0.206988036	0.082510545	0.187100523	0.729651669	0.360356211	0.850515464	0.534090909	0.857142857
G4	0.464788732	0.52195122	0.68410784	0.452885318	0.588235294	0.514878893	0.205504587	0.303116147	0.979746835	0.186839013	0.299646087	0.008864381	0.488586127	0.329709678	0.348533543	0.969155468	0.968325039	0.544947256	0.930027287	0.586105948	0.937936457	0.965437254	0.960256668	0.958747747	0.965116279	0.016401233	0	0.012305858	0.010707331	0	0.007134768	0.019924001	0.062425246	0.026067665	0.127009754	0.596398723	0.519541547	0.724109815	0.317760899	0.30643474	0.358926896	0.557799706	0.772088959	0.707387133	0.535925458	0.174387902	0.443760324	0.155328124	0.292006514	0.174364465	0.670198065	0.417525773	0	0.163265306
G9	0.5	0.520325203	0.476232707	0.544192841	0.875057	0.271280277	0.357798165	0.290368272	0.967088608	0.180963572	0.30043256	0.118409155	0.367067589	0.355390367	0.432763115	0.905638859	0.946019159	0.357208378	0.853812327	0.549907063	0.906889269	0.900118711	0.952724813	0.948701689	0.949967245	0.002649541	0.020311532	0.01405883	0.000885156	0.001950391	0.00381276	0.006264763	0.057802006	0.021630616	0.126269761	0.596398723	0.522392627	0.410499193	0.336741016	0.355357849	0.409883175	0.747554063	0.352278206	0.707387133	0.537945748	0.166346615	0.452845773	0.15562894	0.295736759	0.128924632	0.670198065	0.458762887	0	0.163265306
N31	0.521126761	0.650406504	0.6683221	0.739956172	0.800729594	0.806228374	0.110091743	0.623229462	0	1	1	1	0.760872805	0.57315344	0.375863552	0.182263503	0.08960711	0	0.265444377	0.200813197	0.575143751	0.224118875	0	0	0	0.025285834	0.013983538	0.089506714	0.048201303	0.009436452	0.079388448	0.068398891	0.180835403	0.15887662	0.250050454	0	0	0.347748841	0	0	0	0.189712366	0.736469383	0.060490928	0	0	0	0	0.207552313	0.487637876	0.252878858	0.556701031	0.534090909	0.857142857
H14	0.623239437	0.748780488	0.667080525	0.739225712	0.803237574	0.766089965	0.104587156	0.555240793	0.975949367	0.212690952	0.320094377	0.898548791	0.613957779	0.472865552	0.229761875	0	0	0.440070326	0	0	0.443339654	0	0.215078335	0.241806288	0.525958074	0.390389655	0.273564032	0.077761806	0.123500577	0.01957275	0.201661004	0.428057923	0.151554881	0.092472142	0.253548604	0.594809738	0.514385273	0.642895261	0.310376586	0.302621179	0.360195463	0.496745748	0.711638139	0.682408118	0.639804938	0.172407585	0.490489062	0.175402592	0.280410471	0.124517591	0.487179487	0.5	0.534090909	0.06122449
B29	0.728873239	0.755284553	0.668676836	0.745799854	0.805745554	0.762629758	0.086238532	0.563739377	0.987341772	0.226792009	0.314589068	0.308326292	0.775192478	0.250132485	0.209618645	0.928745528	0.924714684	0.991056413	0.924569831	0.876812268	0.959765065	0.929400849	0.929818468	0.937587611	0.961758926	0.031333698	0.029361005	0.103986257	0.054891858	0.013664211	0.104265761	0.063982746	0.218120342	0.136187163	0.286041036	0.635064039	0.544252183	0.615867162	0.407647472	0.405961519	0.430898676	0.546924207	0.601163211	0.854609175	0.481168633	0.292006721	0.446913951	0.109380118	0.136085824	0.113014466	0.654383541	0.670103093	0.534090909	0.857142857
L25	0.338028169	0.902439024	0.634799574	0.777209642	0.83629731	0.573010381	0.168807339	0.920679887	0.860759494	0.141010576	0.01179709	0.302871289	0.000588966	0.467995818	0.999240833	0.985082636	0.999405946	0.955434949	0.983032271	0.995260223	0.989486504	0.981320016	0.997221257	0.996829317	0.999222077	0.028266567	0.223183468	0.121761386	0.105040504	0.113019435	0.134390336	0.047242477	0.155603091	0.137094741	0.118398924	1	1	0.076998539	1	1	1	1	0.412819431	0.645063174	0.514625332	1	0.774390549	1	1	0.431765555	1	0.087628866	0.534090909	0.857142857
B13	0.676056338	0.747154472	0.668499468	0.747260774	0.80620155	0.764013841	0.088073394	0.555240793	1	0.193889542	0.31222965	0.121077363	1	0.666279952	0.5989068	0.938368356	0.935533257	0.992126586	0.933175473	0.890334572	0.958809293	0.939443558	0.928392534	0.93835525	0.966549296	0.032500072	0.031573591	0.107772675	0.05640578	0.014163282	0.107323518	0.066652973	0.221685528	0.137296425	0.284157417	0.613347903	0.50705234	0.673329127	0.373686634	0.380154801	0.420517135	0.86621877	0.600801591	0.750301461	0.600174163	0.112608017	1	0.160923305	0.287304252	0.140303264	0.476892369	0.75257732	0.534090909	0.06122449
C12	0.75	0.749593496	0.669918411	0.745069394	0.807797538	0.757785467	0.082568807	0.593484419	0.981012658	0.303172738	0.303185214	0.360460118	0.688699663	0.509030493	0	0.938332716	0.932552803	1	0.935561419	0.886663569	0.970124405	0.939334398	0.935229703	0.942126694	0.968064199	0.032168879	0.031396584	0.111313677	0.056704901	0.014100181	0.111438279	0.067269179	0.240684516	0.159834619	0.290413724	0.622881816	0.481914022	0.859381453	0.346001378	0.316470017	0.363379826	0.216880118	0.936686355	0.756915701	0.541533505	0.287941071	0.066376333	0.155862908	0.262559092	0.730971292	0.491017964	0.948453608	0.534090909	0.06122449
E24	0.848591549	0.714634146	0.666725789	0.723155588	0.802097583	0.760553633	0.253211009	0.565155807	0.870886076	0.084606345	0.017695635	0.97631224	0.606570871	0.469628611	0.297150593	1	0.995437665	0.975768231	0.994993573	0.913777881	0.991120566	1	1	1	1	0.731302019	0.628396318	0.075447884	0.173118129	0.030902228	0.178935447	0.769641573	0.173245009	0.161801039	0.122166162	0.656780175	0.676532279	0.35375427	0.444650908	0.454357254	0.619662794	0.350367415	0.529833655	0.390616079	0.385196151	0.65281445	0.666015918	0.096662277	0.040204159	0.067499938	0.675725472	0.118556701	0.534090909	0.857142857
B28	0.897887324	0.752845528	0.668854204	0.744338934	0.805973552	0.764013841	0.080733945	0.563739377	0.988607595	0.231492362	0.314589068	0.425208639	0.815227958	0.539251493	0.192436167	0.927906005	0.92383209	0.991056413	0.92378955	0.876068773	0.959395089	0.92863673	0.930330341	0.937921367	0.961431379	0.0312473	0.029206124	0.103425306	0.054751454	0.013658475	0.102831257	0.063982746	0.215245193	0.13457369	0.281533804	0.729873511	0.61963768	0.800863028	0.533547914	0.52247747	0.502747484	0.571236616	0.714440694	1	0.432054687	0.42543807	0.613580618	0.099777396	0.103980603	0.109603366	0.746506986	0.68556701	0.534090909	0.857142857
L21	0.64084507	0.900813008	0.634622206	0.777940102	0.835841313	0.575086505	0.168807339	0.915014164	0.867088608	0.14453584	0.011010617	0.30555432	0	0.468554405	1	0.985023235	0.999388973	0.955129185	0.982973637	0.994958178	0.989455672	0.981197211	0.997184695	0.996896068	0.999222077	0.028079371	0.22130277	0.121796445	0.104265229	0.112032767	0.133824085	0.046626271	0.156224124	0.137195583	0.118466196	0.828390087	0.833454918	0.062965629	0.722837257	0.746520829	0.849655351	0.284904472	0.147119094	0.5178394	0.448957199	0.833893423	0.70546128	0.9059214	0.934179095	0.015262804	0.838783971	0.025773196	0.534090909	0.857142857
B7	1	0.56097561	0.684817311	0.521548576	1	0.50449827	0.244036697	0.406515581	0.970886076	0.207990599	0.305151396	0.244155883	0.595231506	0.536702044	0.072867374	0.988729806	0.986255287	0.808439077	0.971129603	0.811407993	0.972051365	0.98694175	0.968903676	0.970495962	0.98476908	0.034645624	0.029183999	0.04883778	0.001898506	0.004113031	0.034277086	0.044366848	0.111808814	0.063580901	0.1790111	0.516949444	0.435141466	0.582203256	0.273286081	0.271157405	0.34050678	0.569976905	0.664115236	0.611802415	0.537849959	0.164613838	0.452670571	0.155719185	0.29653661	0.112118119	0.575464456	1	0.352272727	0.918367347
D30	0	0.745528455	0.665661582	0.734112491	0.801869585	0.766089965	0.126605505	0.532577904	0.967088608	0.207990599	0.313409359	0.933116912	0.538896576	0.500494135	0.292823342	0.997002271	0.981961125	0.844519187	0.994019349	0.897351301	0.983828948	0.996738849	0.873420961	0.884587144	0.993162463	0.754831092	0.54507036	0.058514182	0.192695329	0.02791354	0.280294451	0.799527575	0.102010305	0.057782484	0.245879583	0.485170262	0.399641635	0.415464238	0.215007407	0.220745253	0.3140222	0.496703758	0.549541948	0.45364477	0.333339139	0.210348656	0.594583771	0.087032816	0.149288743	0.205014566	0.104253032	0.597938144	0.534090909	0.857142857
